K,complement_variance,coverage,crps,error_dispersion_spearman,fold,identity_variance,interval_score,interval_width,level,method,parallel_variance,participant,reference,sample_variance,slot
16.0,3.12369408561608e-06,0.0029296875,0.7618256815065102,0.0765217391304348,0.0,nan,3.0492832398362477,0.0028061849552894758,0.5,V26_CALIB_SDEDIT_MATCH,3.950804890943497e-06,sub-02,ensemble_quantiles,7.546134990358648e-06,1.0
16.0,3.12369408561608e-06,0.0034073539402173915,0.7618256815065102,0.0,0.0,nan,3.049079497655233,0.003007449105130645,0.5,V26_CALIB_SDEDIT_MATCH,3.950804890943497e-06,sub-02,matched_mean_constant_variance,7.546134990358648e-06,1.0
16.0,3.12369408561608e-06,0.005391143946256039,0.7618256815065102,0.0765217391304348,0.0,nan,7.609636994331615,0.005159389469544121,0.8,V26_CALIB_SDEDIT_MATCH,3.950804890943497e-06,sub-02,ensemble_quantiles,7.546134990358648e-06,1.0
16.0,3.12369408561608e-06,0.006400730298913043,0.7618256815065102,0.0,0.0,nan,7.607442537943522,0.005714247114734399,0.8,V26_CALIB_SDEDIT_MATCH,3.950804890943497e-06,sub-02,matched_mean_constant_variance,7.546134990358648e-06,1.0
16.0,3.12369408561608e-06,0.006615385341183576,0.7618256815065102,0.0765217391304348,0.0,nan,15.20329307807542,0.006370088322614075,0.9,V26_CALIB_SDEDIT_MATCH,3.950804890943497e-06,sub-02,ensemble_quantiles,7.546134990358648e-06,1.0
16.0,3.12369408561608e-06,0.008273654513888888,0.7618256815065102,0.0,0.0,nan,15.194738070170084,0.007334156771111803,0.9,V26_CALIB_SDEDIT_MATCH,3.950804890943497e-06,sub-02,matched_mean_constant_variance,7.546134990358648e-06,1.0
16.0,1.9967506261764356e-06,0.0034509926026570045,0.3660106515844946,0.12840579710144928,0.0,5.930454278768593e-06,1.465899660809497,0.002627796919733923,0.5,V26_CALIB_SDEDIT_MATCH,3.7811793352678555e-06,sub-03,ensemble_quantiles,6.163124605033469e-06,1.0
16.0,1.9967506261764356e-06,0.003988809631642512,0.3660106515844946,0.0,0.0,5.930454278768593e-06,1.465705156326294,0.002821541484868097,0.5,V26_CALIB_SDEDIT_MATCH,3.7811793352678555e-06,sub-03,matched_mean_constant_variance,6.163124605033469e-06,1.0
16.0,1.9967506261764356e-06,0.006405447992149757,0.3660106515844946,0.12840579710144928,0.0,5.930454278768593e-06,3.652024347511308,0.004834803374371508,0.8,V26_CALIB_SDEDIT_MATCH,3.7811793352678555e-06,sub-03,ensemble_quantiles,6.163124605033469e-06,1.0
16.0,1.9967506261764356e-06,0.007502311669685989,0.3660106515844946,0.0,0.0,5.930454278768593e-06,3.6499624252319336,0.005361016836995,0.8,V26_CALIB_SDEDIT_MATCH,3.7811793352678555e-06,sub-03,matched_mean_constant_variance,6.163124605033469e-06,1.0
16.0,1.9967506261764356e-06,0.007902136171497584,0.3660106515844946,0.12840579710144928,0.0,5.930454278768593e-06,7.289039534804491,0.005975292627118035,0.9,V26_CALIB_SDEDIT_MATCH,3.7811793352678555e-06,sub-03,ensemble_quantiles,6.163124605033469e-06,1.0
16.0,1.9967506261764356e-06,0.00960640285326087,0.3660106515844946,0.0,0.0,5.930454278768593e-06,7.281046390533447,0.006880790617841315,0.9,V26_CALIB_SDEDIT_MATCH,3.7811793352678555e-06,sub-03,matched_mean_constant_variance,6.163124605033469e-06,1.0
16.0,1.981200284717488e-06,0.004322586428140097,0.43099326827840234,-0.01739130434782608,0.0,6.2711279535202875e-06,1.7258551046012058,0.0026531594507391665,0.5,V26_CALIB_SDEDIT_MATCH,3.8938677751806e-06,sub-05,ensemble_quantiles,6.266739793166683e-06,1.0
16.0,1.981200284717488e-06,0.004700001887077295,0.43099326827840234,0.0,0.0,6.2711279535202875e-06,1.7256478071212769,0.0028487825718309747,0.5,V26_CALIB_SDEDIT_MATCH,3.8938677751806e-06,sub-05,matched_mean_constant_variance,6.266739793166683e-06,1.0
16.0,1.981200284717488e-06,0.007800705766908212,0.43099326827840234,-0.01739130434782608,0.0,6.2711279535202875e-06,4.301783418488178,0.0048828020332983306,0.8,V26_CALIB_SDEDIT_MATCH,3.8938677751806e-06,sub-05,ensemble_quantiles,6.266739793166683e-06,1.0
16.0,1.981200284717488e-06,0.009066226977657006,0.43099326827840234,0.0,0.0,6.2711279535202875e-06,4.2997002601623535,0.00541277575198854,0.8,V26_CALIB_SDEDIT_MATCH,3.8938677751806e-06,sub-05,matched_mean_constant_variance,6.266739793166683e-06,1.0
16.0,1.981200284717488e-06,0.009664194595410628,0.43099326827840234,-0.01739130434782608,0.0,6.2711279535202875e-06,8.588415451608109,0.006032597373843942,0.9,V26_CALIB_SDEDIT_MATCH,3.8938677751806e-06,sub-05,ensemble_quantiles,6.266739793166683e-06,1.0
16.0,1.981200284717488e-06,0.01163501094504831,0.43099326827840234,0.0,0.0,6.2711279535202875e-06,8.580374081929525,0.006947222466034657,0.9,V26_CALIB_SDEDIT_MATCH,3.8938677751806e-06,sub-05,matched_mean_constant_variance,6.266739793166683e-06,1.0
16.0,1.3969370797894953e-06,0.0021996244716183575,0.7621141892572924,-0.2336231884057971,0.0,nan,3.0498949884312103,0.002032125818549117,0.5,V26_POP_SDEDIT,2.0535427438517218e-06,sub-02,ensemble_quantiles,3.6805132973919776e-06,1.0
16.0,1.3969370797894953e-06,0.00239422931763285,0.7621141892572924,0.0,0.0,nan,3.0497461954752603,0.002179224716097439,0.5,V26_POP_SDEDIT,2.0535427438517218e-06,sub-02,matched_mean_constant_variance,3.6805132973919776e-06,1.0
16.0,1.3969370797894953e-06,0.004052498490338164,0.7621141892572924,-0.2336231884057971,0.0,nan,7.614865471134543,0.00374107172163617,0.8,V26_POP_SDEDIT,2.0535427438517218e-06,sub-02,ensemble_quantiles,3.6805132973919776e-06,1.0
16.0,1.3969370797894953e-06,0.004576162439613527,0.7621141892572924,0.0,0.0,nan,7.61328649520874,0.0041405949397693076,0.8,V26_POP_SDEDIT,2.0535427438517218e-06,sub-02,matched_mean_constant_variance,3.6805132973919776e-06,1.0
16.0,1.3969370797894953e-06,0.004951219051932367,0.7621141892572924,-0.2336231884057971,0.0,nan,15.218143967711411,0.00461812728047452,0.9,V26_POP_SDEDIT,2.0535427438517218e-06,sub-02,ensemble_quantiles,3.6805132973919776e-06,1.0
16.0,1.3969370797894953e-06,0.005814556914251208,0.7621141892572924,0.0,0.0,nan,15.211932182312012,0.005314396070767731,0.9,V26_POP_SDEDIT,2.0535427438517218e-06,sub-02,matched_mean_constant_variance,3.6805132973919776e-06,1.0
16.0,1.3190267698822329e-06,0.002599448973429952,0.37494808006819497,0.3347826086956522,0.0,4.154825433033693e-06,1.5012937718637092,0.002123722766773802,0.5,V26_POP_SDEDIT,2.2752093021457163e-06,sub-03,ensemble_quantiles,3.833851754582914e-06,1.0
16.0,1.3190267698822329e-06,0.0030429121376811595,0.37494808006819497,0.0,0.0,4.154825433033693e-06,1.501137375831604,0.002275439775745777,0.5,V26_POP_SDEDIT,2.2752093021457163e-06,sub-03,matched_mean_constant_variance,3.833851754582914e-06,1.0
16.0,1.3190267698822329e-06,0.004807329408212561,0.37494808006819497,0.3347826086956522,0.0,4.154825433033693e-06,3.7429686660452295,0.003900845390691144,0.8,V26_POP_SDEDIT,2.2752093021457163e-06,sub-03,ensemble_quantiles,3.833851754582914e-06,1.0
16.0,1.3190267698822329e-06,0.005858195576690821,0.37494808006819497,0.0,0.0,4.154825433033693e-06,3.741286277770996,0.004323406554453517,0.8,V26_POP_SDEDIT,2.2752093021457163e-06,sub-03,matched_mean_constant_variance,3.833851754582914e-06,1.0
16.0,1.3190267698822329e-06,0.005984393870772947,0.37494808006819497,0.3347826086956522,0.0,4.154825433033693e-06,7.473806548106949,0.004818234208458709,0.9,V26_POP_SDEDIT,2.2752093021457163e-06,sub-03,ensemble_quantiles,3.833851754582914e-06,1.0
16.0,1.3190267698822329e-06,0.00755066802536232,0.37494808006819497,0.0,0.0,4.154825433033693e-06,7.467304547627767,0.00554903223800958,0.9,V26_POP_SDEDIT,2.2752093021457163e-06,sub-03,matched_mean_constant_variance,3.833851754582914e-06,1.0
16.0,1.2188494906695269e-06,0.0031502396588164254,0.4324368741506832,0.10231884057971014,0.0,3.9095293686841615e-06,1.7311787349478918,0.00201407005883818,0.5,V26_POP_SDEDIT,1.9927773564631934e-06,sub-05,ensemble_quantiles,3.4257355612984006e-06,1.0
16.0,1.2188494906695269e-06,0.0036078559027777775,0.4324368741506832,0.0,0.0,3.9095293686841615e-06,1.731024185816447,0.0021665335857381477,0.5,V26_POP_SDEDIT,1.9927773564631934e-06,sub-05,matched_mean_constant_variance,3.4257355612984006e-06,1.0
16.0,1.2188494906695269e-06,0.005836965957125604,0.4324368741506832,0.10231884057971014,0.0,3.9095293686841615e-06,4.318163012723229,0.003712703121728849,0.8,V26_POP_SDEDIT,1.9927773564631934e-06,sub-05,ensemble_quantiles,3.4257355612984006e-06,1.0
16.0,1.2188494906695269e-06,0.00676163383152174,0.4324368741506832,0.0,0.0,3.9095293686841615e-06,4.316562493642171,0.004116481396196922,0.8,V26_POP_SDEDIT,1.9927773564631934e-06,sub-05,matched_mean_constant_variance,3.4257355612984006e-06,1.0
16.0,1.2188494906695269e-06,0.007246376811594203,0.4324368741506832,0.10231884057971014,0.0,3.9095293686841615e-06,8.624797005509544,0.004590701878286015,0.9,V26_POP_SDEDIT,1.9927773564631934e-06,sub-05,ensemble_quantiles,3.4257355612984006e-06,1.0
16.0,1.2188494906695269e-06,0.008656967089371982,0.4324368741506832,0.0,0.0,3.9095293686841615e-06,8.618598620096842,0.005283446672655268,0.9,V26_POP_SDEDIT,1.9927773564631934e-06,sub-05,matched_mean_constant_variance,3.4257355612984006e-06,1.0
16.0,4.99804492903877e-07,0.0013516191123188407,0.7343125881822082,0.3226086956521739,0.0,nan,2.9380800605529735,0.001171837332667694,0.5,V27_ENERGY_SDEDIT_L05,7.47918406318604e-07,sub-02,ensemble_quantiles,1.3309049814817324e-06,1.0
16.0,4.99804492903877e-07,0.001569812424516908,0.7343125881822082,0.0,0.0,nan,2.937995195388794,0.0012557511011680005,0.5,V27_ENERGY_SDEDIT_L05,7.47918406318604e-07,sub-02,matched_mean_constant_variance,1.3309049814817324e-06,1.0
16.0,4.99804492903877e-07,0.002492121452294686,0.7343125881822082,0.3226086956521739,0.0,nan,7.3395183913497455,0.0021543275543122295,0.8,V27_ENERGY_SDEDIT_L05,7.47918406318604e-07,sub-02,ensemble_quantiles,1.3309049814817324e-06,1.0
16.0,4.99804492903877e-07,0.0030900890700483095,0.7343125881822082,0.0,0.0,nan,7.338599522908528,0.002385966264377424,0.8,V27_ENERGY_SDEDIT_L05,7.47918406318604e-07,sub-02,matched_mean_constant_variance,1.3309049814817324e-06,1.0
16.0,4.99804492903877e-07,0.0031183952294685986,0.7343125881822082,0.3226086956521739,0.0,nan,14.672346538402657,0.0026597823012003466,0.9,V27_ENERGY_SDEDIT_L05,7.47918406318604e-07,sub-02,ensemble_quantiles,1.3309049814817324e-06,1.0
16.0,4.99804492903877e-07,0.003973477128623188,0.7343125881822082,0.0,0.0,nan,14.668755213419596,0.003062354546831911,0.9,V27_ENERGY_SDEDIT_L05,7.47918406318604e-07,sub-02,matched_mean_constant_variance,1.3309049814817324e-06,1.0
16.0,3.1948040894273316e-07,0.0015580181914251208,0.33965878290925905,0.5344927536231884,0.0,1.1108665773917892e-06,1.3594110979890637,0.0010929147959488187,0.5,V27_ENERGY_SDEDIT_L05,6.898615261263785e-07,sub-03,ensemble_quantiles,1.0766312925625243e-06,1.0
16.0,3.1948040894273316e-07,0.0017986205464975847,0.33965878290925905,0.0,0.0,1.1108665773917892e-06,1.3593299786249797,0.001173481439222241,0.5,V27_ENERGY_SDEDIT_L05,6.898615261263785e-07,sub-03,matched_mean_constant_variance,1.0766312925625243e-06,1.0
16.0,3.1948040894273316e-07,0.0028070274758454105,0.33965878290925905,0.5344927536231884,0.0,1.1108665773917892e-06,3.3932196089324798,0.0020107713606285385,0.8,V27_ENERGY_SDEDIT_L05,6.898615261263785e-07,sub-03,ensemble_quantiles,1.0766312925625243e-06,1.0
16.0,3.1948040894273316e-07,0.0034651456823671495,0.33965878290925905,0.0,0.0,1.1108665773917892e-06,3.3923571904500327,0.002229651340343719,0.8,V27_ENERGY_SDEDIT_L05,6.898615261263785e-07,sub-03,matched_mean_constant_variance,1.0766312925625243e-06,1.0
16.0,3.1948040894273316e-07,0.00347458106884058,0.33965878290925905,0.5344927536231884,0.0,1.1108665773917892e-06,6.780171164577709,0.002485083053350882,0.9,V27_ENERGY_SDEDIT_L05,6.898615261263785e-07,sub-03,ensemble_quantiles,1.0766312925625243e-06,1.0
16.0,3.1948040894273316e-07,0.004420478562801933,0.33965878290925905,0.0,0.0,1.1108665773917892e-06,6.77682622273763,0.0028617265138629676,0.9,V27_ENERGY_SDEDIT_L05,6.898615261263785e-07,sub-03,matched_mean_constant_variance,1.0766312925625243e-06,1.0
16.0,3.169922055216527e-07,0.0018634888285024153,0.4175910930656192,0.30318840579710143,0.0,1.0690771100977752e-06,1.671144269977347,0.0010932716342465247,0.5,V27_ENERGY_SDEDIT_L05,6.868480812253589e-07,sub-05,ensemble_quantiles,1.0707630385316709e-06,1.0
16.0,3.169922055216527e-07,0.002143012152777778,0.4175910930656192,0.0,0.0,1.0690771100977752e-06,1.6710591713587444,0.001174132914385699,0.5,V27_ENERGY_SDEDIT_L05,6.868480812253589e-07,sub-05,matched_mean_constant_variance,1.0707630385316709e-06,1.0
16.0,3.169922055216527e-07,0.0035123226147342995,0.4175910930656192,0.30318840579710143,0.0,1.0690771100977752e-06,4.172544450237121,0.0020123829254967886,0.8,V27_ENERGY_SDEDIT_L05,6.868480812253589e-07,sub-05,ensemble_quantiles,1.0707630385316709e-06,1.0
16.0,3.169922055216527e-07,0.004116187349033817,0.4175910930656192,0.0,0.0,1.0690771100977752e-06,4.171680291493733,0.00223088916347654,0.8,V27_ENERGY_SDEDIT_L05,6.868480812253589e-07,sub-05,matched_mean_constant_variance,1.0707630385316709e-06,1.0
16.0,3.169922055216527e-07,0.004326124698067633,0.4175910930656192,0.30318840579710143,0.0,1.0690771100977752e-06,8.338814009439114,0.0024863497212720942,0.9,V27_ENERGY_SDEDIT_L05,6.868480812253589e-07,sub-05,ensemble_quantiles,1.0707630385316709e-06,1.0
16.0,3.169922055216527e-07,0.005289713541666667,0.4175910930656192,0.0,0.0,1.0690771100977752e-06,8.335474967956543,0.0028633152426541333,0.9,V27_ENERGY_SDEDIT_L05,6.868480812253589e-07,sub-05,matched_mean_constant_variance,1.0707630385316709e-06,1.0
16.0,1.5804330881034427e-06,0.004333201237922705,0.40756772590372653,-0.2507246376811594,1.0,1.1274612973011244e-05,1.6321093933764752,0.002646425532241681,0.5,V26_CALIB_SDEDIT_MATCH,1.0696698628483622e-05,sub-06,ensemble_quantiles,1.3095624533813558e-05,1.0
16.0,1.5804330881034427e-06,0.004896965579710145,0.40756772590372653,0.0,1.0,1.1274612973011244e-05,1.6319243907928467,0.0028364430320733484,0.5,V26_CALIB_SDEDIT_MATCH,1.0696698628483622e-05,sub-06,matched_mean_constant_variance,1.3095624533813558e-05,1.0
16.0,1.5804330881034427e-06,0.008022437349033816,0.40756772590372653,-0.2507246376811594,1.0,1.1274612973011244e-05,4.0676013853376425,0.004865077475225133,0.8,V26_CALIB_SDEDIT_MATCH,1.0696698628483622e-05,sub-06,ensemble_quantiles,1.3095624533813558e-05,1.0
16.0,1.5804330881034427e-06,0.009326879528985506,0.40756772590372653,0.0,1.0,1.1274612973011244e-05,4.065533081690471,0.005389330241526907,0.8,V26_CALIB_SDEDIT_MATCH,1.0696698628483622e-05,sub-06,matched_mean_constant_variance,1.3095624533813558e-05,1.0
16.0,1.5804330881034427e-06,0.00984110809178744,0.40756772590372653,-0.2507246376811594,1.0,1.1274612973011244e-05,8.120305580725848,0.006007756435132374,0.9,V26_CALIB_SDEDIT_MATCH,1.0696698628483622e-05,sub-06,ensemble_quantiles,1.3095624533813558e-05,1.0
16.0,1.5804330881034427e-06,0.01191689311594203,0.40756772590372653,0.0,1.0,1.1274612973011244e-05,8.112267335255941,0.006917130479137386,0.9,V26_CALIB_SDEDIT_MATCH,1.0696698628483622e-05,sub-06,matched_mean_constant_variance,1.3095624533813558e-05,1.0
16.0,1.7910388680301519e-06,0.004023012907608696,0.3396933657362709,-0.3315942028985506,1.0,1.0605214735430005e-05,1.3605793346305577,0.0025853082348839813,0.5,V26_CALIB_SDEDIT_MATCH,8.298219474530319e-06,sub-07,ensemble_quantiles,1.0761875804140194e-05,1.0
16.0,1.7910388680301519e-06,0.004484167421497584,0.3396933657362709,0.0,1.0,1.0605214735430005e-05,1.3603930870691936,0.002776552597444698,0.5,V26_CALIB_SDEDIT_MATCH,8.298219474530319e-06,sub-07,matched_mean_constant_variance,1.0761875804140194e-05,1.0
16.0,1.7910388680301519e-06,0.007372575105676328,0.3396933657362709,-0.3315942028985506,1.0,1.0605214735430005e-05,3.3890408564268646,0.004756610932982526,0.8,V26_CALIB_SDEDIT_MATCH,8.298219474530319e-06,sub-07,ensemble_quantiles,1.0761875804140194e-05,1.0
16.0,1.7910388680301519e-06,0.008615687273550726,0.3396933657362709,0.0,1.0,1.0605214735430005e-05,3.386993646621704,0.005275536547497932,0.8,V26_CALIB_SDEDIT_MATCH,8.298219474530319e-06,sub-07,matched_mean_constant_variance,1.0761875804140194e-05,1.0
16.0,1.7910388680301519e-06,0.009069765247584542,0.3396933657362709,-0.3315942028985506,1.0,1.0605214735430005e-05,6.763467537310208,0.005880185766177131,0.9,V26_CALIB_SDEDIT_MATCH,8.298219474530319e-06,sub-07,ensemble_quantiles,1.0761875804140194e-05,1.0
16.0,1.7910388680301519e-06,0.011002840051328502,0.3396933657362709,0.0,1.0,1.0605214735430005e-05,6.755558967590332,0.006771077854038194,0.9,V26_CALIB_SDEDIT_MATCH,8.298219474530319e-06,sub-07,matched_mean_constant_variance,1.0761875804140194e-05,1.0
16.0,1.587330492232771e-06,0.0032292610205314014,1.1389291025501134,-0.3959420289855072,1.0,1.0493544076931963e-05,4.557455354690256,0.002476412389570888,0.5,V26_CALIB_SDEDIT_MATCH,8.671999784345038e-06,sub-09,ensemble_quantiles,1.0943286592161408e-05,1.0
16.0,1.587330492232771e-06,0.0035300139643719814,1.1389291025501134,0.0,1.0,1.0493544076931963e-05,4.557273228963216,0.0026566819787514477,0.5,V26_CALIB_SDEDIT_MATCH,8.671999784345038e-06,sub-09,matched_mean_constant_variance,1.0943286592161408e-05,1.0
16.0,1.587330492232771e-06,0.005881784042874396,1.1389291025501134,-0.3959420289855072,1.0,1.0493544076931963e-05,11.381710442889506,0.00455710649535881,0.8,V26_CALIB_SDEDIT_MATCH,8.671999784345038e-06,sub-09,ensemble_quantiles,1.0943286592161408e-05,1.0
16.0,1.587330492232771e-06,0.006793478260869565,1.1389291025501134,0.0,1.0,1.0493544076931963e-05,11.379767100016275,0.005047778632712014,0.8,V26_CALIB_SDEDIT_MATCH,8.671999784345038e-06,sub-09,matched_mean_constant_variance,1.0943286592161408e-05,1.0
16.0,1.587330492232771e-06,0.007290015474033816,1.1389291025501134,-0.3959420289855072,1.0,1.0493544076931963e-05,22.749346892189937,0.005629426197155875,0.9,V26_CALIB_SDEDIT_MATCH,8.671999784345038e-06,sub-09,ensemble_quantiles,1.0943286592161408e-05,1.0
16.0,1.587330492232771e-06,0.008680555555555554,1.1389291025501134,0.0,1.0,1.0493544076931963e-05,22.74184735616048,0.006478753735153972,0.9,V26_CALIB_SDEDIT_MATCH,8.671999784345038e-06,sub-09,matched_mean_constant_variance,1.0943286592161408e-05,1.0
16.0,2.311192387101831e-07,0.0017809291968599033,0.4420085629962352,-0.5431884057971014,1.0,1.5537899097732104e-06,1.7687820280434743,0.001055502982918738,0.5,V26_POP_SDEDIT,1.1993672899279773e-06,sub-06,ensemble_quantiles,1.5258548747472862e-06,1.0
16.0,2.311192387101831e-07,0.0018823596014492753,0.4420085629962352,0.0,1.0,1.5537899097732104e-06,1.7687036991119385,0.0011347089238563396,0.5,V26_POP_SDEDIT,1.1993672899279773e-06,sub-06,matched_mean_constant_variance,1.5258548747472862e-06,1.0
16.0,2.311192387101831e-07,0.003262284873188406,0.4420085629962352,-0.5431884057971014,1.0,1.5537899097732104e-06,4.416837116686261,0.0019449401121047127,0.8,V26_POP_SDEDIT,1.1993672899279773e-06,sub-06,ensemble_quantiles,1.5258548747472862e-06,1.0
16.0,2.311192387101831e-07,0.003534731657608696,0.4420085629962352,0.0,1.0,1.5537899097732104e-06,4.415994167327881,0.002155982351670685,0.8,V26_POP_SDEDIT,1.1993672899279773e-06,sub-06,matched_mean_constant_variance,1.5258548747472862e-06,1.0
16.0,2.311192387101831e-07,0.004039524833937198,0.4420085629962352,-0.5431884057971014,1.0,1.5537899097732104e-06,8.827627394334613,0.0024041468483028475,0.9,V26_POP_SDEDIT,1.1993672899279773e-06,sub-06,ensemble_quantiles,1.5258548747472862e-06,1.0
16.0,2.311192387101831e-07,0.004520729544082125,0.4420085629962352,0.0,1.0,1.5537899097732104e-06,8.824371019999186,0.0027671733905470174,0.9,V26_POP_SDEDIT,1.1993672899279773e-06,sub-06,matched_mean_constant_variance,1.5258548747472862e-06,1.0
16.0,2.8788201097048233e-07,0.001712522644927536,0.3722308296839431,-0.5228985507246376,1.0,1.6581277861860144e-06,1.4896888894484956,0.0010874691737611322,0.5,V26_POP_SDEDIT,1.224430555168965e-06,sub-07,ensemble_quantiles,1.6131334158823545e-06,1.0
16.0,2.8788201097048233e-07,0.001851694595410628,0.3722308296839431,0.0,1.0,1.6581277861860144e-06,1.4896126985549927,0.0011677605212177629,0.5,V26_POP_SDEDIT,1.224430555168965e-06,sub-07,matched_mean_constant_variance,1.6131334158823545e-06,1.0
16.0,2.8788201097048233e-07,0.003162033891908212,0.3722308296839431,-0.5228985507246376,1.0,1.6581277861860144e-06,3.7189838615851243,0.0020016984473083684,0.8,V26_POP_SDEDIT,1.224430555168965e-06,sub-07,ensemble_quantiles,1.6131334158823545e-06,1.0
16.0,2.8788201097048233e-07,0.0035771908967391305,0.3722308296839431,0.0,1.0,1.6581277861860144e-06,3.718099514643351,0.002218781417675717,0.8,V26_POP_SDEDIT,1.224430555168965e-06,sub-07,matched_mean_constant_variance,1.6131334158823545e-06,1.0
16.0,2.8788201097048233e-07,0.003880302687198068,0.3722308296839431,-0.5228985507246376,1.0,1.6581277861860144e-06,7.431778309877945,0.002473116724951798,0.9,V26_POP_SDEDIT,1.224430555168965e-06,sub-07,ensemble_quantiles,1.6131334158823545e-06,1.0
16.0,2.8788201097048233e-07,0.004531344353864735,0.3722308296839431,0.0,1.0,1.6581277861860144e-06,7.428361097971599,0.002847775119158419,0.9,V26_POP_SDEDIT,1.224430555168965e-06,sub-07,matched_mean_constant_variance,1.6131334158823545e-06,1.0
16.0,1.988940923070004e-07,0.0012938273701690822,1.1494413050327008,-0.6695652173913044,1.0,1.6535143411526103e-06,4.5983850553090235,0.0008768449720629202,0.5,V26_POP_SDEDIT,1.0237594724552916e-06,sub-09,ensemble_quantiles,1.3041643308990085e-06,1.0
16.0,1.988940923070004e-07,0.0011923969655797102,1.1494413050327008,0.0,1.0,1.6535143411526103e-06,4.598319848378499,0.0009404374753984633,0.5,V26_POP_SDEDIT,1.0237594724552916e-06,sub-09,matched_mean_constant_variance,1.3041643308990085e-06,1.0
16.0,1.988940923070004e-07,0.0023387964221014495,1.1494413050327008,-0.6695652173913044,1.0,1.6535143411526103e-06,11.491725398664506,0.001610534697886597,0.8,V26_POP_SDEDIT,1.0237594724552916e-06,sub-09,ensemble_quantiles,1.3041643308990085e-06,1.0
16.0,1.988940923070004e-07,0.002251519097222222,1.1494413050327008,0.0,1.0,1.6535143411526103e-06,11.49101479848226,0.001786860539457185,0.8,V26_POP_SDEDIT,1.0237594724552916e-06,sub-09,matched_mean_constant_variance,1.3041643308990085e-06,1.0
16.0,1.988940923070004e-07,0.0029002019172705315,1.1494413050327008,-0.6695652173913044,1.0,1.6535143411526103e-06,22.97845337906669,0.0019890204805538083,0.9,V26_POP_SDEDIT,1.0237594724552916e-06,sub-09,ensemble_quantiles,1.3041643308990085e-06,1.0
16.0,1.988940923070004e-07,0.0028671780646135265,1.1494413050327008,0.0,1.0,1.6535143411526103e-06,22.975706736246746,0.0022934106735951914,0.9,V26_POP_SDEDIT,1.0237594724552916e-06,sub-09,matched_mean_constant_variance,1.3041643308990085e-06,1.0
16.0,2.5286960111022455e-07,0.0019543044233091785,0.3947769693877412,0.1382608695652174,1.0,1.8157461880718984e-06,1.57988165874847,0.001103099905409237,0.5,V27_ENERGY_SDEDIT_L05,1.9632438489717665e-06,sub-06,ensemble_quantiles,2.3638577696753296e-06,1.0
16.0,2.5286960111022455e-07,0.0022302894776570045,0.3947769693877412,0.0,1.0,1.8157461880718984e-06,1.5798049767812092,0.0011823373319832875,0.5,V27_ENERGY_SDEDIT_L05,1.9632438489717665e-06,sub-06,matched_mean_constant_variance,2.3638577696753296e-06,1.0
16.0,2.5286960111022455e-07,0.0035665760869565215,0.3947769693877412,0.1382608695652174,1.0,1.8157461880718984e-06,3.9443880715963253,0.0020279827363461757,0.8,V27_ENERGY_SDEDIT_L05,1.9632438489717665e-06,sub-06,ensemble_quantiles,2.3638577696753296e-06,1.0
16.0,2.5286960111022455e-07,0.004322586428140097,0.3947769693877412,0.0,1.0,1.8157461880718984e-06,3.9435184796651206,0.002246477812842248,0.8,V27_ENERGY_SDEDIT_L05,1.9632438489717665e-06,sub-06,matched_mean_constant_variance,2.3638577696753296e-06,1.0
16.0,2.5286960111022455e-07,0.004399248943236715,0.3947769693877412,0.1382608695652174,1.0,1.8157461880718984e-06,7.88251521641424,0.0025042673105533137,0.9,V27_ENERGY_SDEDIT_L05,1.9632438489717665e-06,sub-06,ensemble_quantiles,2.3638577696753296e-06,1.0
16.0,2.5286960111022455e-07,0.005540930706521739,0.3947769693877412,0.0,1.0,1.8157461880718984e-06,7.879124482472737,0.002883323057507502,0.9,V27_ENERGY_SDEDIT_L05,1.9632438489717665e-06,sub-06,matched_mean_constant_variance,2.3638577696753296e-06,1.0
16.0,2.8657004621142807e-07,0.0018835390247584542,0.3052290050543838,-0.04840579710144926,1.0,1.7617113160876368e-06,1.2216671259233363,0.0010651615654419025,0.5,V27_ENERGY_SDEDIT_L05,1.441684478464822e-06,sub-07,ensemble_quantiles,1.8434715679897333e-06,1.0
16.0,2.8657004621142807e-07,0.00216895946557971,0.3052290050543838,0.0,1.0,1.7617113160876368e-06,1.221590479214986,0.0011440538254098044,0.5,V27_ENERGY_SDEDIT_L05,1.441684478464822e-06,sub-07,matched_mean_constant_variance,1.8434715679897333e-06,1.0
16.0,2.8657004621142807e-07,0.003401456823671498,0.3052290050543838,-0.04840579710144926,1.0,1.7617113160876368e-06,3.049023252714418,0.0019597589294697397,0.8,V27_ENERGY_SDEDIT_L05,1.441684478464822e-06,sub-07,ensemble_quantiles,1.8434715679897333e-06,1.0
16.0,2.8657004621142807e-07,0.004069010416666667,0.3052290050543838,0.0,1.0,1.7617113160876368e-06,3.0481746991475425,0.002173737956129049,0.8,V27_ENERGY_SDEDIT_L05,1.441684478464822e-06,sub-07,matched_mean_constant_variance,1.8434715679897333e-06,1.0
16.0,2.8657004621142807e-07,0.004237667949879227,0.3052290050543838,-0.04840579710144926,1.0,1.7617113160876368e-06,6.091973440642086,0.0024227378157544166,0.9,V27_ENERGY_SDEDIT_L05,1.441684478464822e-06,sub-07,ensemble_quantiles,1.8434715679897333e-06,1.0
16.0,2.8657004621142807e-07,0.005157618131038647,0.3052290050543838,0.0,1.0,1.7617113160876368e-06,6.088688850402832,0.002789962462151519,0.9,V27_ENERGY_SDEDIT_L05,1.441684478464822e-06,sub-07,matched_mean_constant_variance,1.8434715679897333e-06,1.0
16.0,2.5397353760799507e-07,0.0015650947312801932,1.1265498507930587,-0.15652173913043474,1.0,1.697591422100686e-06,4.5069435700174205,0.0010519848368071036,0.5,V27_ENERGY_SDEDIT_L05,1.6296338370599035e-06,sub-09,ensemble_quantiles,2.0091812965953673e-06,1.0
16.0,2.5397353760799507e-07,0.001823388435990338,1.1265498507930587,0.0,1.0,1.697591422100686e-06,4.506866931915283,0.0011287306600100383,0.5,V27_ENERGY_SDEDIT_L05,1.6296338370599035e-06,sub-09,matched_mean_constant_variance,2.0091812965953673e-06,1.0
16.0,2.5397353760799507e-07,0.0028553838315217395,1.1265498507930587,-0.15652173913043474,1.0,1.697591422100686e-06,11.262268050865849,0.0019360385566611071,0.8,V27_ENERGY_SDEDIT_L05,1.6296338370599035e-06,sub-09,ensemble_quantiles,2.0091812965953673e-06,1.0
16.0,2.5397353760799507e-07,0.003410892210144928,1.1265498507930587,0.0,1.0,1.697591422100686e-06,11.261438687642416,0.002144623463875519,0.8,V27_ENERGY_SDEDIT_L05,1.6296338370599035e-06,sub-09,matched_mean_constant_variance,2.0091812965953673e-06,1.0
16.0,2.5397353760799507e-07,0.0035677555102657005,1.1265498507930587,-0.15652173913043474,1.0,1.697591422100686e-06,22.518519437813612,0.00239173290019835,0.9,V27_ENERGY_SDEDIT_L05,1.6296338370599035e-06,sub-09,ensemble_quantiles,2.0091812965953673e-06,1.0
16.0,2.5397353760799507e-07,0.004425196256038648,1.1265498507930587,0.0,1.0,1.697591422100686e-06,22.515312830607098,0.002752594415896026,0.9,V27_ENERGY_SDEDIT_L05,1.6296338370599035e-06,sub-09,matched_mean_constant_variance,2.0091812965953673e-06,1.0
16.0,9.091406904341662e-07,0.004773126132246377,0.3507649469822192,-0.24173913043478257,2.0,1.4453544750381297e-05,1.4051799042157953,0.003049066341291553,0.5,V26_CALIB_SDEDIT_MATCH,1.317427877722821e-05,sub-11,ensemble_quantiles,1.5022322434295651e-05,1.0
16.0,9.091406904341662e-07,0.005292072388285024,0.3507649469822192,0.0,2.0,1.4453544750381297e-05,1.4049580891927083,0.0032670955712750457,0.5,V26_CALIB_SDEDIT_MATCH,1.317427877722821e-05,sub-11,matched_mean_constant_variance,1.5022322434295651e-05,1.0
16.0,9.091406904341662e-07,0.008844495395531402,0.3507649469822192,-0.24173913043478257,2.0,1.4453544750381297e-05,3.4983467683858436,0.005605642857515996,0.8,V26_CALIB_SDEDIT_MATCH,1.317427877722821e-05,sub-11,ensemble_quantiles,1.5022322434295651e-05,1.0
16.0,9.091406904341662e-07,0.01013124622584541,0.3507649469822192,0.0,2.0,1.4453544750381297e-05,3.4959585666656494,0.006207583499874048,0.8,V26_CALIB_SDEDIT_MATCH,1.317427877722821e-05,sub-11,matched_mean_constant_variance,1.5022322434295651e-05,1.0
16.0,9.091406904341662e-07,0.010821208861714976,0.3507649469822192,-0.24173913043478257,2.0,1.4453544750381297e-05,6.979551334800469,0.006920169621064692,0.9,V26_CALIB_SDEDIT_MATCH,1.317427877722821e-05,sub-11,ensemble_quantiles,1.5022322434295651e-05,1.0
16.0,9.091406904341662e-07,0.012993706597222222,0.3507649469822192,0.0,2.0,1.4453544750381297e-05,6.970278104146321,0.007967347166427066,0.9,V26_CALIB_SDEDIT_MATCH,1.317427877722821e-05,sub-11,matched_mean_constant_variance,1.5022322434295651e-05,1.0
16.0,7.100266117276988e-07,0.004723590353260869,0.37158980614762954,-0.15652173913043477,2.0,1.3683606037299493e-05,1.4884617484735114,0.003004381949976466,0.5,V26_CALIB_SDEDIT_MATCH,1.2075420608918344e-05,sub-12,ensemble_quantiles,1.3637812458000553e-05,1.0
16.0,7.100266117276988e-07,0.005270842768719807,0.37158980614762954,0.0,2.0,1.3683606037299493e-05,1.4882370233535767,0.0032317482178912515,0.5,V26_CALIB_SDEDIT_MATCH,1.2075420608918344e-05,sub-12,matched_mean_constant_variance,1.3637812458000553e-05,1.0
16.0,7.100266117276988e-07,0.008622763813405798,0.37158980614762954,-0.15652173913043477,2.0,1.3683606037299493e-05,3.7067186787654194,0.005538693974976072,0.8,V26_CALIB_SDEDIT_MATCH,1.2075420608918344e-05,sub-12,ensemble_quantiles,1.3637812458000553e-05,1.0
16.0,7.100266117276988e-07,0.010020380434782608,0.37158980614762954,0.0,2.0,1.3683606037299493e-05,3.7043256759643555,0.006140422425812225,0.8,V26_CALIB_SDEDIT_MATCH,1.2075420608918344e-05,sub-12,matched_mean_constant_variance,1.3637812458000553e-05,1.0
16.0,7.100266117276988e-07,0.010683216334541064,0.37158980614762954,-0.15652173913043477,2.0,1.3683606037299493e-05,7.396419655377099,0.006846502000322607,0.9,V26_CALIB_SDEDIT_MATCH,1.2075420608918344e-05,sub-12,ensemble_quantiles,1.3637812458000553e-05,1.0
16.0,7.100266117276988e-07,0.012776692708333334,0.37158980614762954,0.0,2.0,1.3683606037299493e-05,7.387225945790608,0.00788114686108578,0.9,V26_CALIB_SDEDIT_MATCH,1.2075420608918344e-05,sub-12,matched_mean_constant_variance,1.3637812458000553e-05,1.0
16.0,8.088941534367677e-07,0.00460093032910628,0.3175089193687322,-0.4515942028985507,2.0,1.4209884582783161e-05,1.2721578243949339,0.0030686281315429817,0.5,V26_CALIB_SDEDIT_MATCH,1.260939871864745e-05,sub-14,ensemble_quantiles,1.43128538259892e-05,1.0
16.0,8.088941534367677e-07,0.005175309480676328,0.3175089193687322,0.0,2.0,1.4209884582783161e-05,1.2719478209813435,0.0032810848883574792,0.5,V26_CALIB_SDEDIT_MATCH,1.260939871864745e-05,sub-14,matched_mean_constant_variance,1.43128538259892e-05,1.0
16.0,8.088941534367677e-07,0.00840457050120773,0.3175089193687322,-0.4515942028985507,2.0,1.4209884582783161e-05,3.165743867215991,0.00563147522681156,0.8,V26_CALIB_SDEDIT_MATCH,1.260939871864745e-05,sub-14,ensemble_quantiles,1.43128538259892e-05,1.0
16.0,8.088941534367677e-07,0.009742036533816426,0.3175089193687322,0.0,2.0,1.4209884582783161e-05,3.16335399945577,0.006234163638716307,0.8,V26_CALIB_SDEDIT_MATCH,1.260939871864745e-05,sub-14,matched_mean_constant_variance,1.43128538259892e-05,1.0
16.0,8.088941534367677e-07,0.01037656627415459,0.3175089193687322,-0.4515942028985507,2.0,1.4209884582783161e-05,6.3142798177655814,0.006948772596298075,0.9,V26_CALIB_SDEDIT_MATCH,1.260939871864745e-05,sub-14,ensemble_quantiles,1.43128538259892e-05,1.0
16.0,8.088941534367677e-07,0.01253491092995169,0.3175089193687322,0.0,2.0,1.4209884582783161e-05,6.304958343505859,0.008001462405294557,0.9,V26_CALIB_SDEDIT_MATCH,1.260939871864745e-05,sub-14,matched_mean_constant_variance,1.43128538259892e-05,1.0
16.0,6.762544974966052e-06,0.011947558121980678,0.3660144076466818,-0.2539130434782609,2.0,5.076730303699151e-05,1.4693996185350573,0.007723290267577385,0.5,V26_POP_SDEDIT,4.143675929905536e-05,sub-11,ensemble_quantiles,5.141262590768747e-05,1.0
16.0,6.762544974966052e-06,0.013427734375,0.3660144076466818,0.0,2.0,5.076730303699151e-05,1.4688361883163452,0.008279627467872086,0.5,V26_POP_SDEDIT,4.143675929905536e-05,sub-11,matched_mean_constant_variance,5.141262590768747e-05,1.0
16.0,6.762544974966052e-06,0.02182169006642512,0.3660144076466818,-0.2539130434782609,2.0,5.076730303699151e-05,3.636641492667908,0.014203916968494401,0.8,V26_POP_SDEDIT,4.143675929905536e-05,sub-11,ensemble_quantiles,5.141262590768747e-05,1.0
16.0,6.762544974966052e-06,0.025384727883454108,0.3660144076466818,0.0,2.0,5.076730303699151e-05,3.6305851141611734,0.015731550465359744,0.8,V26_POP_SDEDIT,4.143675929905536e-05,sub-11,matched_mean_constant_variance,5.141262590768747e-05,1.0
16.0,6.762544974966052e-06,0.02692151645531401,0.3660144076466818,-0.2539130434782609,2.0,5.076730303699151e-05,7.230060222579392,0.01753711725608351,0.9,V26_POP_SDEDIT,4.143675929905536e-05,sub-11,ensemble_quantiles,5.141262590768747e-05,1.0
16.0,6.762544974966052e-06,0.032691255283816424,0.3660144076466818,0.0,2.0,5.076730303699151e-05,7.206594149271647,0.02019122642913003,0.9,V26_POP_SDEDIT,4.143675929905536e-05,sub-11,matched_mean_constant_variance,5.141262590768747e-05,1.0
16.0,6.895424803587957e-06,0.011738800196256038,0.39559467372069723,-0.29884057971014494,2.0,5.115639457168678e-05,1.5877761690489047,0.0077786472812250455,0.5,V26_POP_SDEDIT,4.112510032427963e-05,sub-12,ensemble_quantiles,5.1221933972556144e-05,1.0
16.0,6.895424803587957e-06,0.01333455993357488,0.39559467372069723,0.0,2.0,5.115639457168678e-05,1.5871946811676025,0.008355349085304135,0.5,V26_POP_SDEDIT,4.112510032427963e-05,sub-12,matched_mean_constant_variance,5.1221933972556144e-05,1.0
16.0,6.895424803587957e-06,0.021735592164855072,0.39559467372069723,-0.29884057971014494,2.0,5.115639457168678e-05,3.93229618770278,0.014324690094208956,0.8,V26_POP_SDEDIT,4.112510032427963e-05,sub-12,ensemble_quantiles,5.1221933972556144e-05,1.0
16.0,6.895424803587957e-06,0.025480261171497584,0.39559467372069723,0.0,2.0,5.115639457168678e-05,3.926103432973226,0.015875423900556355,0.8,V26_POP_SDEDIT,4.112510032427963e-05,sub-12,matched_mean_constant_variance,5.1221933972556144e-05,1.0
16.0,6.895424803587957e-06,0.02681065066425121,0.39559467372069723,-0.29884057971014494,2.0,5.115639457168678e-05,7.820934614558081,0.017700474840672265,0.9,V26_POP_SDEDIT,4.112510032427963e-05,sub-12,ensemble_quantiles,5.1221933972556144e-05,1.0
16.0,6.895424803587957e-06,0.032665307971014496,0.39559467372069723,0.0,2.0,5.115639457168678e-05,7.797137260437012,0.02037588598405363,0.9,V26_POP_SDEDIT,4.112510032427963e-05,sub-12,matched_mean_constant_variance,5.1221933972556144e-05,1.0
16.0,6.503803130423573e-06,0.011485224184782608,0.31940019156541793,-0.2895652173913043,2.0,5.134297195278729e-05,1.2830196606813027,0.007825957159963265,0.5,V26_POP_SDEDIT,4.156046573674151e-05,sub-14,ensemble_quantiles,5.126857649884187e-05,1.0
16.0,6.503803130423573e-06,0.013125802007850242,0.31940019156541793,0.0,2.0,5.134297195278729e-05,1.2824469407399495,0.008388023638192077,0.5,V26_POP_SDEDIT,4.156046573674151e-05,sub-14,matched_mean_constant_variance,5.126857649884187e-05,1.0
16.0,6.503803130423573e-06,0.02119187801932367,0.31940019156541793,-0.2895652173913043,2.0,5.134297195278729e-05,3.170200188910608,0.014385282301624065,0.8,V26_POP_SDEDIT,4.156046573674151e-05,sub-14,ensemble_quantiles,5.126857649884187e-05,1.0
16.0,6.503803130423573e-06,0.02496013549214976,0.31940019156541793,0.0,2.0,5.134297195278729e-05,3.1640562216440835,0.01593750657030017,0.8,V26_POP_SDEDIT,4.156046573674151e-05,sub-14,matched_mean_constant_variance,5.126857649884187e-05,1.0
16.0,6.503803130423573e-06,0.026220939009661836,0.31940019156541793,-0.2895652173913043,2.0,5.134297195278729e-05,6.296495235727696,0.01776617694016008,0.9,V26_POP_SDEDIT,4.156046573674151e-05,sub-14,ensemble_quantiles,5.126857649884187e-05,1.0
16.0,6.503803130423573e-06,0.03200247207125604,0.31940019156541793,0.0,2.0,5.134297195278729e-05,6.2728010813395185,0.020455568228018233,0.9,V26_POP_SDEDIT,4.156046573674151e-05,sub-14,matched_mean_constant_variance,5.126857649884187e-05,1.0
16.0,1.4546448638223333e-07,0.0023045931461352655,0.32110911512782864,0.28579710144927534,2.0,2.404552837731444e-06,1.285328346370781,0.0012690083945805883,0.5,V27_ENERGY_SDEDIT_L05,2.35941302169825e-06,sub-11,ensemble_quantiles,2.6718709259891207e-06,1.0
16.0,1.4546448638223333e-07,0.0026324728260869565,0.32110911512782864,0.0,2.0,2.404552837731444e-06,1.2852365573247273,0.0013597665554536838,0.5,V27_ENERGY_SDEDIT_L05,2.35941302169825e-06,sub-11,matched_mean_constant_variance,2.6718709259891207e-06,1.0
16.0,1.4546448638223333e-07,0.004253000452898551,0.32110911512782864,0.28579710144927534,2.0,2.404552837731444e-06,3.207200559452636,0.0023330374742885386,0.8,V27_ENERGY_SDEDIT_L05,2.35941302169825e-06,sub-11,ensemble_quantiles,2.6718709259891207e-06,1.0
16.0,1.4546448638223333e-07,0.005012549064009661,0.32110911512782864,0.0,2.0,2.404552837731444e-06,3.2062032222747803,0.0025835988721997043,0.8,V27_ENERGY_SDEDIT_L05,2.35941302169825e-06,sub-11,matched_mean_constant_variance,2.6718709259891207e-06,1.0
16.0,1.4546448638223333e-07,0.005273201615338164,0.32110911512782864,0.28579710144927534,2.0,2.404552837731444e-06,6.407199631800496,0.0028800946542471297,0.9,V27_ENERGY_SDEDIT_L05,2.35941302169825e-06,sub-11,ensemble_quantiles,2.6718709259891207e-06,1.0
16.0,1.4546448638223333e-07,0.006348835673309179,0.32110911512782864,0.0,2.0,2.404552837731444e-06,6.4033152262369795,0.0033160132528256988,0.9,V27_ENERGY_SDEDIT_L05,2.35941302169825e-06,sub-11,matched_mean_constant_variance,2.6718709259891207e-06,1.0
16.0,1.136043777568337e-07,0.0021772154287439615,0.3581954870829405,0.31014492753623185,2.0,2.189376910877172e-06,1.4336756831463753,0.0012643506868350027,0.5,V27_ENERGY_SDEDIT_L05,2.183594323431256e-06,sub-12,ensemble_quantiles,2.4503455134568717e-06,1.0
16.0,1.136043777568337e-07,0.0024402268266908215,0.3581954870829405,0.0,2.0,2.189376910877172e-06,1.4335822264353435,0.0013599352380659132,0.5,V27_ENERGY_SDEDIT_L05,2.183594323431256e-06,sub-12,matched_mean_constant_variance,2.4503455134568717e-06,1.0
16.0,1.136043777568337e-07,0.003985271361714976,0.3581954870829405,0.31014492753623185,2.0,2.189376910877172e-06,3.578074672466723,0.0023305836614363907,0.8,V27_ENERGY_SDEDIT_L05,2.183594323431256e-06,sub-12,ensemble_quantiles,2.4503455134568717e-06,1.0
16.0,1.136043777568337e-07,0.00470471958031401,0.3581954870829405,0.0,2.0,2.189376910877172e-06,3.577061414718628,0.00258391937442486,0.8,V27_ENERGY_SDEDIT_L05,2.183594323431256e-06,sub-12,matched_mean_constant_variance,2.4503455134568717e-06,1.0
16.0,1.136043777568337e-07,0.0048828125,0.3581954870829405,0.31014492753623185,2.0,2.189376910877172e-06,7.148925616980363,0.00288091535674833,0.9,V27_ENERGY_SDEDIT_L05,2.183594323431256e-06,sub-12,ensemble_quantiles,2.4503455134568717e-06,1.0
16.0,1.136043777568337e-07,0.006059876962560387,0.3581954870829405,0.0,2.0,2.189376910877172e-06,7.145021915435791,0.003316424612978241,0.9,V27_ENERGY_SDEDIT_L05,2.183594323431256e-06,sub-12,matched_mean_constant_variance,2.4503455134568717e-06,1.0
16.0,1.2942321466387816e-07,0.0021477298460144925,0.2979346300187462,-0.10202898550724636,2.0,2.5633580538197975e-06,1.1926271993857585,0.001270943582090524,0.5,V27_ENERGY_SDEDIT_L05,2.2018064136375415e-06,sub-14,ensemble_quantiles,2.4866465201019614e-06,1.0
16.0,1.2942321466387816e-07,0.0024744301026570045,0.2979346300187462,0.0,2.0,2.5633580538197975e-06,1.192539890607198,0.0013589736051841696,0.5,V27_ENERGY_SDEDIT_L05,2.2018064136375415e-06,sub-14,matched_mean_constant_variance,2.4866465201019614e-06,1.0
16.0,1.2942321466387816e-07,0.003913326539855073,0.2979346300187462,-0.10202898550724636,2.0,2.5633580538197975e-06,2.975454751462422,0.0023324409481455277,0.8,V27_ENERGY_SDEDIT_L05,2.2018064136375415e-06,sub-14,ensemble_quantiles,2.4866465201019614e-06,1.0
16.0,1.2942321466387816e-07,0.004646927838164251,0.2979346300187462,0.0,2.0,2.5633580538197975e-06,2.9744617144266763,0.0025820922419521734,0.8,V27_ENERGY_SDEDIT_L05,2.2018064136375415e-06,sub-14,matched_mean_constant_variance,2.4866465201019614e-06,1.0
16.0,1.2942321466387816e-07,0.004796714598429952,0.2979346300187462,-0.10202898550724636,2.0,2.5633580538197975e-06,5.943719524536097,0.0028780791265200743,0.9,V27_ENERGY_SDEDIT_L05,2.2018064136375415e-06,sub-14,ensemble_quantiles,2.4866465201019614e-06,1.0
16.0,1.2942321466387816e-07,0.005999726373792271,0.2979346300187462,0.0,2.0,2.5633580538197975e-06,5.939830303192139,0.003314079513837933,0.9,V27_ENERGY_SDEDIT_L05,2.2018064136375415e-06,sub-14,matched_mean_constant_variance,2.4866465201019614e-06,1.0
16.0,7.623063247308437e-07,0.0031018833031400965,0.42689204086703275,-0.5849275362318841,3.0,8.710792907133206e-06,1.7090575383230835,0.0021465865052259377,0.5,V26_CALIB_SDEDIT_MATCH,7.112680049085422e-06,sub-15,ensemble_quantiles,8.399989641342623e-06,1.0
16.0,7.623063247308437e-07,0.0034167893266908215,0.42689204086703275,0.0,3.0,8.710792907133206e-06,1.708910862604777,0.0022953320812654156,0.5,V26_CALIB_SDEDIT_MATCH,7.112680049085422e-06,sub-15,matched_mean_constant_variance,8.399989641342623e-06,1.0
16.0,7.623063247308437e-07,0.005684820350241547,0.42689204086703275,-0.5849275362318841,3.0,8.710792907133206e-06,4.262376890466207,0.003939369901844563,0.8,V26_CALIB_SDEDIT_MATCH,7.112680049085422e-06,sub-15,ensemble_quantiles,8.399989641342623e-06,1.0
16.0,7.623063247308437e-07,0.006512775513285023,0.42689204086703275,0.0,3.0,8.710792907133206e-06,4.260700384775798,0.004361202555465502,0.8,V26_CALIB_SDEDIT_MATCH,7.112680049085422e-06,sub-15,matched_mean_constant_variance,8.399989641342623e-06,1.0
16.0,7.623063247308437e-07,0.007036439462560387,0.42689204086703275,-0.5849275362318841,3.0,8.710792907133206e-06,8.512688714198847,0.004858700609027674,0.9,V26_CALIB_SDEDIT_MATCH,7.112680049085422e-06,sub-15,ensemble_quantiles,8.399989641342623e-06,1.0
16.0,7.623063247308437e-07,0.008438773777173914,0.42689204086703275,0.0,3.0,8.710792907133206e-06,8.506145795186361,0.005597542880125182,0.9,V26_CALIB_SDEDIT_MATCH,7.112680049085422e-06,sub-15,matched_mean_constant_variance,8.399989641342623e-06,1.0
16.0,6.591580371898923e-07,0.0038166138285024155,0.384172508931744,-0.5628985507246376,3.0,8.136475441252363e-06,1.5382026000747475,0.0021701130236935315,0.5,V26_CALIB_SDEDIT_MATCH,7.5634104970134786e-06,sub-17,ensemble_quantiles,8.77073778108676e-06,1.0
16.0,6.591580371898923e-07,0.004156287741545894,0.384172508931744,0.0,3.0,8.136475441252363e-06,1.5380454858144124,0.0023303673400810383,0.5,V26_CALIB_SDEDIT_MATCH,7.5634104970134786e-06,sub-17,matched_mean_constant_variance,8.77073778108676e-06,1.0
16.0,6.591580371898923e-07,0.00696803291062802,0.384172508931744,-0.5628985507246376,3.0,8.136475441252363e-06,3.835084660265198,0.003993805117325244,0.8,V26_CALIB_SDEDIT_MATCH,7.5634104970134786e-06,sub-17,ensemble_quantiles,8.77073778108676e-06,1.0
16.0,6.591580371898923e-07,0.007806602883454105,0.384172508931744,0.0,3.0,8.136475441252363e-06,3.8333888053894043,0.004427770640112257,0.8,V26_CALIB_SDEDIT_MATCH,7.5634104970134786e-06,sub-17,matched_mean_constant_variance,8.77073778108676e-06,1.0
16.0,6.591580371898923e-07,0.008659325935990338,0.384172508931744,-0.5628985507246376,3.0,8.136475441252363e-06,7.657898339964906,0.004935937108727731,0.9,V26_CALIB_SDEDIT_MATCH,7.5634104970134786e-06,sub-17,ensemble_quantiles,8.77073778108676e-06,1.0
16.0,6.591580371898923e-07,0.010067557367149758,0.384172508931744,0.0,3.0,8.136475441252363e-06,7.651339848836263,0.005682982091791939,0.9,V26_CALIB_SDEDIT_MATCH,7.5634104970134786e-06,sub-17,matched_mean_constant_variance,8.77073778108676e-06,1.0
16.0,7.88513720095807e-07,0.0033082823822463774,0.3305334865512703,-0.3791304347826087,3.0,8.46330310603586e-06,1.3236070073631874,0.0021219938819296217,0.5,V26_CALIB_SDEDIT_MATCH,7.018203914910259e-06,sub-18,ensemble_quantiles,8.327164647899584e-06,1.0
16.0,7.88513720095807e-07,0.0037293365036231885,0.3305334865512703,0.0,3.0,8.46330310603586e-06,1.3234620889027913,0.0022721893817488534,0.5,V26_CALIB_SDEDIT_MATCH,7.018203914910259e-06,sub-18,matched_mean_constant_variance,8.327164647899584e-06,1.0
16.0,7.88513720095807e-07,0.006143616017512077,0.3305334865512703,-0.3791304347826087,3.0,8.46330310603586e-06,3.298864394095934,0.0038978960151118407,0.8,V26_CALIB_SDEDIT_MATCH,7.018203914910259e-06,sub-18,ensemble_quantiles,8.327164647899584e-06,1.0
16.0,7.88513720095807e-07,0.007143766983695652,0.3305334865512703,0.0,3.0,8.46330310603586e-06,3.2972067991892495,0.004317230704465902,0.8,V26_CALIB_SDEDIT_MATCH,7.018203914910259e-06,sub-18,matched_mean_constant_variance,8.327164647899584e-06,1.0
16.0,7.88513720095807e-07,0.007613177460748792,0.3305334865512703,-0.3791304347826087,3.0,8.46330310603586e-06,6.585781808615251,0.00481243302935299,0.9,V26_CALIB_SDEDIT_MATCH,7.018203914910259e-06,sub-18,ensemble_quantiles,8.327164647899584e-06,1.0
16.0,7.88513720095807e-07,0.009141710069444446,0.3305334865512703,0.0,3.0,8.46330310603586e-06,6.579333305358887,0.005541105620365195,0.9,V26_CALIB_SDEDIT_MATCH,7.018203914910259e-06,sub-18,matched_mean_constant_variance,8.327164647899584e-06,1.0
16.0,4.514900275864875e-06,0.005526777626811595,0.4376721148036086,-0.35623188405797096,3.0,1.76495548179408e-05,1.7535186290534346,0.004064222788513994,0.5,V26_POP_SDEDIT,1.149567396415326e-05,sub-15,ensemble_quantiles,1.707795089582002e-05,1.0
16.0,4.514900275864875e-06,0.006107053894927536,0.4376721148036086,0.0,3.0,1.76495548179408e-05,1.753233273824056,0.004350390749464413,0.5,V26_POP_SDEDIT,1.149567396415326e-05,sub-15,matched_mean_constant_variance,1.707795089582002e-05,1.0
16.0,4.514900275864875e-06,0.010229138360507246,0.4376721148036086,-0.35623188405797096,3.0,1.76495548179408e-05,4.364317340566504,0.007461907366383282,0.8,V26_POP_SDEDIT,1.149567396415326e-05,sub-15,ensemble_quantiles,1.707795089582002e-05,1.0
16.0,4.514900275864875e-06,0.011739979619565216,0.4376721148036086,0.0,3.0,1.76495548179408e-05,4.361142794291179,0.008265878130966525,0.8,V26_POP_SDEDIT,1.149567396415326e-05,sub-15,matched_mean_constant_variance,1.707795089582002e-05,1.0
16.0,4.514900275864875e-06,0.012661109224033814,0.4376721148036086,-0.35623188405797096,3.0,1.76495548179408e-05,8.705747444338789,0.009209117362347821,0.9,V26_POP_SDEDIT,1.149567396415326e-05,sub-15,ensemble_quantiles,1.707795089582002e-05,1.0
16.0,4.514900275864875e-06,0.015021135265700482,0.4376721148036086,0.0,3.0,1.76495548179408e-05,8.69337526957194,0.010609139725003108,0.9,V26_POP_SDEDIT,1.149567396415326e-05,sub-15,matched_mean_constant_variance,1.707795089582002e-05,1.0
16.0,4.342243805410817e-06,0.006623641304347827,0.39602578187600673,-0.32347826086956516,3.0,1.5718815886837472e-05,1.5869084233087716,0.003996547278932978,0.5,V26_POP_SDEDIT,1.1520214769689119e-05,sub-17,ensemble_quantiles,1.691995753105857e-05,1.0
16.0,4.342243805410817e-06,0.007359601449275363,0.39602578187600673,0.0,3.0,1.5718815886837472e-05,1.5866077740987141,0.0043037608528879905,0.5,V26_POP_SDEDIT,1.1520214769689119e-05,sub-17,matched_mean_constant_variance,1.691995753105857e-05,1.0
16.0,4.342243805410817e-06,0.012303743961352656,0.39602578187600673,-0.32347826086956516,3.0,1.5718815886837472e-05,3.948033431861914,0.007373342978888533,0.8,V26_POP_SDEDIT,1.1520214769689119e-05,sub-17,ensemble_quantiles,1.691995753105857e-05,1.0
16.0,4.342243805410817e-06,0.013880632925724638,0.39602578187600673,0.0,3.0,1.5718815886837472e-05,3.94486133257548,0.008177279872888734,0.8,V26_POP_SDEDIT,1.1520214769689119e-05,sub-17,matched_mean_constant_variance,1.691995753105857e-05,1.0
16.0,4.342243805410817e-06,0.015143795289855072,0.39602578187600673,-0.32347826086956516,3.0,1.5718815886837472e-05,7.87336761808286,0.009120434710481335,0.9,V26_POP_SDEDIT,1.1520214769689119e-05,sub-17,ensemble_quantiles,1.691995753105857e-05,1.0
16.0,4.342243805410817e-06,0.017752679649758452,0.39602578187600673,0.0,3.0,1.5718815886837472e-05,7.861201445261638,0.010495425091851451,0.9,V26_POP_SDEDIT,1.1520214769689119e-05,sub-17,matched_mean_constant_variance,1.691995753105857e-05,1.0
16.0,4.86718692134976e-06,0.006388936065821256,0.334985147401442,-0.25159420289855067,3.0,1.6588855963561855e-05,1.3427856620294143,0.0040969610900400966,0.5,V26_POP_SDEDIT,1.149950824460196e-05,sub-18,ensemble_quantiles,1.74578101497976e-05,1.0
16.0,4.86718692134976e-06,0.007139049290458939,0.334985147401442,0.0,3.0,1.6588855963561855e-05,1.342501203219096,0.004381088197396757,0.5,V26_POP_SDEDIT,1.149950824460196e-05,sub-18,matched_mean_constant_variance,1.74578101497976e-05,1.0
16.0,4.86718692134976e-06,0.011495838994565216,0.334985147401442,-0.25159420289855067,3.0,1.6588855963561855e-05,3.3373754450972264,0.007518677122390908,0.8,V26_POP_SDEDIT,1.149950824460196e-05,sub-18,ensemble_quantiles,1.74578101497976e-05,1.0
16.0,4.86718692134976e-06,0.01331450973731884,0.334985147401442,0.0,3.0,1.6588855963561855e-05,3.334193706512451,0.008324204239620485,0.8,V26_POP_SDEDIT,1.149950824460196e-05,sub-18,matched_mean_constant_variance,1.74578101497976e-05,1.0
16.0,4.86718692134976e-06,0.014183744716183574,0.334985147401442,-0.25159420289855067,3.0,1.6588855963561855e-05,6.651751918190254,0.009273958860713598,0.9,V26_POP_SDEDIT,1.149950824460196e-05,sub-18,ensemble_quantiles,1.74578101497976e-05,1.0
16.0,4.86718692134976e-06,0.017059178743961356,0.334985147401442,0.0,3.0,1.6588855963561855e-05,6.639333089192708,0.01068400047500708,0.9,V26_POP_SDEDIT,1.149950824460196e-05,sub-18,matched_mean_constant_variance,1.74578101497976e-05,1.0
16.0,1.219693455123405e-07,0.001475458559782609,0.4162309886999713,-0.4773913043478261,3.0,1.4770643644486843e-06,1.6655506599610954,0.000896012568239597,0.5,V27_ENERGY_SDEDIT_L05,1.2616443791912957e-06,sub-15,ensemble_quantiles,1.4758551176718981e-06,1.0
16.0,1.219693455123405e-07,0.0016276041666666667,0.4162309886999713,0.0,3.0,1.4770643644486843e-06,1.6654900312423706,0.0009580795539548837,0.5,V27_ENERGY_SDEDIT_L05,1.2616443791912957e-06,sub-15,matched_mean_constant_variance,1.4758551176718981e-06,1.0
16.0,1.219693455123405e-07,0.0026607789855072465,0.4162309886999713,-0.4773913043478261,3.0,1.4770643644486843e-06,4.159566098425905,0.0016443005906946917,0.8,V27_ENERGY_SDEDIT_L05,1.2616443791912957e-06,sub-15,ensemble_quantiles,1.4758551176718981e-06,1.0
16.0,1.219693455123405e-07,0.003111318689613526,0.4162309886999713,0.0,3.0,1.4770643644486843e-06,4.158864816029866,0.0018203810390450116,0.8,V27_ENERGY_SDEDIT_L05,1.2616443791912957e-06,sub-15,matched_mean_constant_variance,1.4758551176718981e-06,1.0
16.0,1.219693455123405e-07,0.0032905910326086955,0.4162309886999713,-0.4773913043478261,3.0,1.4770643644486843e-06,8.314061339502304,0.002027974821510085,0.9,V27_ENERGY_SDEDIT_L05,1.2616443791912957e-06,sub-15,ensemble_quantiles,1.4758551176718981e-06,1.0
16.0,1.219693455123405e-07,0.003985271361714976,0.4162309886999713,0.0,3.0,1.4770643644486843e-06,8.311311403910318,0.0023364337690418677,0.9,V27_ENERGY_SDEDIT_L05,1.2616443791912957e-06,sub-15,matched_mean_constant_variance,1.4758551176718981e-06,1.0
16.0,1.0546540174516394e-07,0.001745546497584541,0.36691314029272776,-0.3634782608695652,3.0,1.4631979050605537e-06,1.4682917090517333,0.0009069889679916461,0.5,V27_ENERGY_SDEDIT_L05,1.3467675148426395e-06,sub-17,ensemble_quantiles,1.5490479577569734e-06,1.0
16.0,1.0546540174516394e-07,0.0019873282759661835,0.36691314029272776,0.0,3.0,1.4631979050605537e-06,1.4682265122731526,0.0009740701309974938,0.5,V27_ENERGY_SDEDIT_L05,1.3467675148426395e-06,sub-17,matched_mean_constant_variance,1.5490479577569734e-06,1.0
16.0,1.0546540174516394e-07,0.003138445425724638,0.36691314029272776,-0.3634782608695652,3.0,1.4631979050605537e-06,3.666342427728441,0.001669433852069374,0.8,V27_ENERGY_SDEDIT_L05,1.3467675148426395e-06,sub-17,ensemble_quantiles,1.5490479577569734e-06,1.0
16.0,1.0546540174516394e-07,0.003662109375,0.36691314029272776,0.0,3.0,1.4631979050605537e-06,3.665629784266154,0.0018507636342393215,0.8,V27_ENERGY_SDEDIT_L05,1.3467675148426395e-06,sub-17,matched_mean_constant_variance,1.5490479577569734e-06,1.0
16.0,1.0546540174516394e-07,0.0038897380736714975,0.36691314029272776,-0.3634782608695652,3.0,1.4631979050605537e-06,7.327506196200376,0.002063240082686163,0.9,V27_ENERGY_SDEDIT_L05,1.3467675148426395e-06,sub-17,ensemble_quantiles,1.5490479577569734e-06,1.0
16.0,1.0546540174516394e-07,0.004692925347222222,0.36691314029272776,0.0,3.0,1.4631979050605537e-06,7.324742794036865,0.0023754294078012976,0.9,V27_ENERGY_SDEDIT_L05,1.3467675148426395e-06,sub-17,matched_mean_constant_variance,1.5490479577569734e-06,1.0
16.0,1.2616219565349715e-07,0.001507302989130435,0.3164251680302739,-0.20869565217391303,3.0,1.6642824369010138e-06,1.2663279715939237,0.0008943272181810135,0.5,V27_ENERGY_SDEDIT_L05,1.2803879216131502e-06,sub-18,ensemble_quantiles,1.5003202324948006e-06,1.0
16.0,1.2616219565349715e-07,0.0017573407306763283,0.3164251680302739,0.0,3.0,1.6642824369010138e-06,1.2662663062413533,0.0009577568001689253,0.5,V27_ENERGY_SDEDIT_L05,1.2803879216131502e-06,sub-18,matched_mean_constant_variance,1.5003202324948006e-06,1.0
16.0,1.2616219565349715e-07,0.0027893361262077295,0.3164251680302739,-0.20869565217391303,3.0,1.6642824369010138e-06,3.161512019402083,0.00164299260610533,0.8,V27_ENERGY_SDEDIT_L05,1.2803879216131502e-06,sub-18,ensemble_quantiles,1.5003202324948006e-06,1.0
16.0,1.2616219565349715e-07,0.0033943802838164254,0.3164251680302739,0.0,3.0,1.6642824369010138e-06,3.160809357961019,0.001819767796783643,0.8,V27_ENERGY_SDEDIT_L05,1.2803879216131502e-06,sub-18,matched_mean_constant_variance,1.5003202324948006e-06,1.0
16.0,1.2616219565349715e-07,0.003459248565821256,0.3164251680302739,-0.20869565217391303,3.0,1.6642824369010138e-06,6.317943999468182,0.0020285693212083703,0.9,V27_ENERGY_SDEDIT_L05,1.2803879216131502e-06,sub-18,ensemble_quantiles,1.5003202324948006e-06,1.0
16.0,1.2616219565349715e-07,0.004344995471014493,0.3164251680302739,0.0,3.0,1.6642824369010138e-06,6.315207004547119,0.0023356466811205296,0.9,V27_ENERGY_SDEDIT_L05,1.2803879216131502e-06,sub-18,matched_mean_constant_variance,1.5003202324948006e-06,1.0
16.0,3.0714548149290977e-07,0.0011062990640096618,0.5223324131008771,-0.4034782608695651,4.0,1.9002152254662026e-06,2.090054413058916,0.0010181188836730322,0.5,V26_CALIB_SDEDIT_MATCH,1.5723398982074126e-06,sub-19,ensemble_quantiles,2.0047855375793233e-06,1.0
16.0,3.0714548149290977e-07,0.0012690594806763285,0.5223324131008771,0.0,4.0,1.9002152254662026e-06,2.0899765491485596,0.0010945970767940356,0.5,V26_CALIB_SDEDIT_MATCH,1.5723398982074126e-06,sub-19,matched_mean_constant_variance,2.0047855375793233e-06,1.0
16.0,3.0714548149290977e-07,0.0020757850241545895,0.5223324131008771,-0.4034782608695651,4.0,1.9002152254662026e-06,5.220190838742728,0.0018767125565709395,0.8,V26_CALIB_SDEDIT_MATCH,1.5723398982074126e-06,sub-19,ensemble_quantiles,2.0047855375793233e-06,1.0
16.0,3.0714548149290977e-07,0.0025451955012077295,0.5223324131008771,0.0,4.0,1.9002152254662026e-06,5.219381650288899,0.0020797685909950962,0.8,V26_CALIB_SDEDIT_MATCH,1.5723398982074126e-06,sub-19,matched_mean_constant_variance,2.0047855375793233e-06,1.0
16.0,3.0714548149290977e-07,0.0025758605072463765,0.5223324131008771,-0.4034782608695651,4.0,1.9002152254662026e-06,10.434533631143998,0.002319488415424204,0.9,V26_CALIB_SDEDIT_MATCH,1.5723398982074126e-06,sub-19,ensemble_quantiles,2.0047855375793233e-06,1.0
16.0,3.0714548149290977e-07,0.0032858733393719814,0.5223324131008771,0.0,4.0,1.9002152254662026e-06,10.431419054667154,0.0026693540877259247,0.9,V26_CALIB_SDEDIT_MATCH,1.5723398982074126e-06,sub-19,matched_mean_constant_variance,2.0047855375793233e-06,1.0
16.0,2.167861833749877e-07,0.001539147418478261,0.42771491217572805,-0.5368115942028986,4.0,1.6217511689120556e-06,1.7115672614628668,0.0009975877814067655,0.5,V26_CALIB_SDEDIT_MATCH,1.5628039338929274e-06,sub-21,ensemble_quantiles,1.8982294787880012e-06,1.0
16.0,2.167861833749877e-07,0.001773852657004831,0.42771491217572805,0.0,4.0,1.6217511689120556e-06,1.711492617925008,0.0010723835875538557,0.5,V26_CALIB_SDEDIT_MATCH,1.5628039338929274e-06,sub-21,matched_mean_constant_variance,1.8982294787880012e-06,1.0
16.0,2.167861833749877e-07,0.0028459484450483095,0.42771491217572805,-0.5368115942028986,4.0,1.6217511689120556e-06,4.274078752801462,0.0018384396439290955,0.8,V26_CALIB_SDEDIT_MATCH,1.5628039338929274e-06,sub-21,ensemble_quantiles,1.8982294787880012e-06,1.0
16.0,2.167861833749877e-07,0.0033531004679951686,0.42771491217572805,0.0,4.0,1.6217511689120556e-06,4.273291905721028,0.0020375622685066008,0.8,V26_CALIB_SDEDIT_MATCH,1.5628039338929274e-06,sub-21,matched_mean_constant_variance,1.8982294787880012e-06,1.0
16.0,2.167861833749877e-07,0.0035264756944444445,0.42771491217572805,-0.5368115942028986,4.0,1.6217511689120556e-06,8.542450809274786,0.0022720098354209652,0.9,V26_CALIB_SDEDIT_MATCH,1.5628039338929274e-06,sub-21,ensemble_quantiles,1.8982294787880012e-06,1.0
16.0,2.167861833749877e-07,0.004340277777777778,0.42771491217572805,0.0,4.0,1.6217511689120556e-06,8.539401690165201,0.0026151828592775525,0.9,V26_CALIB_SDEDIT_MATCH,1.5628039338929274e-06,sub-21,matched_mean_constant_variance,1.8982294787880012e-06,1.0
16.0,2.674100111714021e-07,0.0014577672101449273,0.3451649444021321,-0.6614492753623188,4.0,1.3963864825920307e-06,1.3812934993148167,0.0008994126743590095,0.5,V26_CALIB_SDEDIT_MATCH,1.0655868346957458e-06,sub-23,ensemble_quantiles,1.421863048634009e-06,1.0
16.0,2.674100111714021e-07,0.0016004774305555553,0.3451649444021321,0.0,4.0,1.3963864825920307e-06,1.3812297979990642,0.0009650755277218677,0.5,V26_CALIB_SDEDIT_MATCH,1.0655868346957458e-06,sub-23,matched_mean_constant_variance,1.421863048634009e-06,1.0
16.0,2.674100111714021e-07,0.00271385303442029,0.3451649444021321,-0.6614492753623188,4.0,1.3963864825920307e-06,3.4488894392589984,0.0016562030619985946,0.8,V26_CALIB_SDEDIT_MATCH,1.0655868346957458e-06,sub-23,ensemble_quantiles,1.421863048634009e-06,1.0
16.0,2.674100111714021e-07,0.0031148569595410625,0.3451649444021321,0.0,4.0,1.3963864825920307e-06,3.4481770992279053,0.0018336736074361266,0.8,V26_CALIB_SDEDIT_MATCH,1.0655868346957458e-06,sub-23,matched_mean_constant_variance,1.421863048634009e-06,1.0
16.0,2.674100111714021e-07,0.0033436650815217386,0.3451649444021321,-0.6614492753623188,4.0,1.3963864825920307e-06,6.892663372482887,0.0020450921519020687,0.9,V26_CALIB_SDEDIT_MATCH,1.0655868346957458e-06,sub-23,ensemble_quantiles,1.421863048634009e-06,1.0
16.0,2.674100111714021e-07,0.004006500981280193,0.3451649444021321,0.0,4.0,1.3963864825920307e-06,6.889886697133382,0.002353494595868867,0.9,V26_CALIB_SDEDIT_MATCH,1.0655868346957458e-06,sub-23,matched_mean_constant_variance,1.421863048634009e-06,1.0
16.0,2.2049893407446084e-06,0.0034380189462560385,0.5077998628356521,-0.4182608695652174,4.0,1.227626676344092e-05,2.0330579711478522,0.0026627090306939258,0.5,V26_POP_SDEDIT,9.053940585997585e-06,sub-19,ensemble_quantiles,1.2009526829596476e-05,1.0
16.0,2.2049893407446084e-06,0.003686877264492754,0.5077998628356521,0.0,4.0,1.227626676344092e-05,2.0328699747721353,0.002855320840487488,0.5,V26_POP_SDEDIT,9.053940585997585e-06,sub-19,matched_mean_constant_variance,1.2009526829596476e-05,1.0
16.0,2.2049893407446084e-06,0.006305197010869565,0.5077998628356521,-0.4182608695652174,4.0,1.227626676344092e-05,5.069851093029761,0.004899807753045878,0.8,V26_POP_SDEDIT,9.053940585997585e-06,sub-19,ensemble_quantiles,1.2009526829596476e-05,1.0
16.0,2.2049893407446084e-06,0.007050592542270532,0.5077998628356521,0.0,4.0,1.227626676344092e-05,5.067774931589763,0.005425198666392013,0.8,V26_POP_SDEDIT,9.053940585997585e-06,sub-19,matched_mean_constant_variance,1.2009526829596476e-05,1.0
16.0,2.2049893407446084e-06,0.007749990564613527,0.5077998628356521,-0.4182608695652174,4.0,1.227626676344092e-05,10.124664670241188,0.006050616799399358,0.9,V26_POP_SDEDIT,9.053940585997585e-06,sub-19,ensemble_quantiles,1.2009526829596476e-05,1.0
16.0,2.2049893407446084e-06,0.009047356204710146,0.5077998628356521,0.0,4.0,1.227626676344092e-05,10.11657460530599,0.006963167104052539,0.9,V26_POP_SDEDIT,9.053940585997585e-06,sub-19,matched_mean_constant_variance,1.2009526829596476e-05,1.0
16.0,1.788568454230699e-06,0.004457040685386473,0.41488216658281174,-0.49101449275362313,4.0,1.1847083566607353e-05,1.6613644136559769,0.002640696441426941,0.5,V26_POP_SDEDIT,9.490063337243745e-06,sub-21,ensemble_quantiles,1.2030537469343017e-05,1.0
16.0,1.788568454230699e-06,0.004828559027777778,0.41488216658281174,0.0,4.0,1.1847083566607353e-05,1.6611785093943279,0.002832738623450196,0.5,V26_POP_SDEDIT,9.490063337243745e-06,sub-21,matched_mean_constant_variance,1.2030537469343017e-05,1.0
16.0,1.788568454230699e-06,0.008136841410024154,0.41488216658281174,-0.49101449275362313,4.0,1.1847083566607353e-05,4.140772334393369,0.004855493030492634,0.8,V26_POP_SDEDIT,9.490063337243745e-06,sub-21,ensemble_quantiles,1.2030537469343017e-05,1.0
16.0,1.788568454230699e-06,0.009203040081521738,0.41488216658281174,0.0,4.0,1.1847083566607353e-05,4.138713677724202,0.005382291749586834,0.8,V26_POP_SDEDIT,9.490063337243745e-06,sub-21,matched_mean_constant_variance,1.2030537469343017e-05,1.0
16.0,1.788568454230699e-06,0.010054583710748792,0.41488216658281174,-0.49101449275362313,4.0,1.1847083566607353e-05,8.266673368136432,0.005999122342063443,0.9,V26_POP_SDEDIT,9.490063337243745e-06,sub-21,ensemble_quantiles,1.2030537469343017e-05,1.0
16.0,1.788568454230699e-06,0.011886228109903382,0.41488216658281174,0.0,4.0,1.1847083566607353e-05,8.25869862238566,0.006908096672533608,0.9,V26_POP_SDEDIT,9.490063337243745e-06,sub-21,matched_mean_constant_variance,1.2030537469343017e-05,1.0
16.0,2.3007466272891484e-06,0.004669336881038647,0.34027245991586946,-0.6101449275362317,4.0,1.2067770905825151e-05,1.3629240962752416,0.002640747329199923,0.5,V26_POP_SDEDIT,9.168919749965218e-06,sub-23,ensemble_quantiles,1.2234309660167733e-05,1.0
16.0,2.3007466272891484e-06,0.005003113677536232,0.34027245991586946,0.0,4.0,1.2067770905825151e-05,1.3627351522445679,0.002833522327878868,0.5,V26_POP_SDEDIT,9.168919749965218e-06,sub-23,matched_mean_constant_variance,1.2234309660167733e-05,1.0
16.0,2.3007466272891484e-06,0.008465900513285024,0.34027245991586946,-0.6101449275362317,4.0,1.2067770905825151e-05,3.394675994546452,0.0048559606752039,0.8,V26_POP_SDEDIT,9.168919749965218e-06,sub-23,ensemble_quantiles,1.2234309660167733e-05,1.0
16.0,2.3007466272891484e-06,0.009425951086956522,0.34027245991586946,0.0,4.0,1.2067770905825151e-05,3.3926076889038086,0.005383780812448347,0.8,V26_POP_SDEDIT,9.168919749965218e-06,sub-23,matched_mean_constant_variance,1.2234309660167733e-05,1.0
16.0,2.3007466272891484e-06,0.010362413194444444,0.34027245991586946,-0.6101449275362317,4.0,1.2067770905825151e-05,6.774497960885668,0.006001456222236065,0.9,V26_POP_SDEDIT,9.168919749965218e-06,sub-23,ensemble_quantiles,1.2234309660167733e-05,1.0
16.0,2.3007466272891484e-06,0.012184622207125606,0.34027245991586946,0.0,4.0,1.2067770905825151e-05,6.7664901415507,0.006910007864025521,0.9,V26_POP_SDEDIT,9.168919749965218e-06,sub-23,matched_mean_constant_variance,1.2234309660167733e-05,1.0
16.0,4.914335923385712e-08,0.0005519701086956521,0.503491240708386,-0.21942028985507245,4.0,3.3089818884946e-07,2.014265726211843,0.0004212560598272111,0.5,V27_ENERGY_SDEDIT_L05,2.7984990419449574e-07,sub-19,ensemble_quantiles,3.5092624406374284e-07,1.0
16.0,4.914335923385712e-08,0.0006250943538647344,0.503491240708386,0.0,4.0,3.3089818884946e-07,2.0142335096995034,0.0004529226175027879,0.5,V27_ENERGY_SDEDIT_L05,2.7984990419449574e-07,sub-19,matched_mean_constant_variance,3.5092624406374284e-07,1.0
16.0,4.914335923385712e-08,0.0010095863526570048,0.503491240708386,-0.21942028985507245,4.0,3.3089818884946e-07,5.033612624020673,0.000776505237998683,0.8,V27_ENERGY_SDEDIT_L05,2.7984990419449574e-07,sub-19,ensemble_quantiles,3.5092624406374284e-07,1.0
16.0,4.914335923385712e-08,0.001234856204710145,0.503491240708386,0.0,4.0,3.3089818884946e-07,5.033277988433838,0.0008605671018166171,0.8,V27_ENERGY_SDEDIT_L05,2.7984990419449574e-07,sub-19,matched_mean_constant_variance,3.5092624406374284e-07,1.0
16.0,4.914335923385712e-08,0.0012537269776570048,0.503491240708386,-0.21942028985507245,4.0,3.3089818884946e-07,10.064800428183606,0.0009597434084002524,0.9,V27_ENERGY_SDEDIT_L05,2.7984990419449574e-07,sub-19,ensemble_quantiles,3.5092624406374284e-07,1.0
16.0,4.914335923385712e-08,0.001593400890700483,0.503491240708386,0.0,4.0,3.3089818884946e-07,10.06350835164388,0.0011045259174231154,0.9,V27_ENERGY_SDEDIT_L05,2.7984990419449574e-07,sub-19,matched_mean_constant_variance,3.5092624406374284e-07,1.0
16.0,3.468579830763948e-08,0.0007253453351449275,0.4126428204384663,-0.41565217391304343,4.0,2.7452686805299703e-07,1.650865995739948,0.00041420601577405396,0.5,V27_ENERGY_SDEDIT_L05,2.793201943074308e-07,sub-21,ensemble_quantiles,3.3493970027128245e-07,1.0
16.0,3.468579830763948e-08,0.0008326728562801931,0.4126428204384663,0.0,4.0,2.7452686805299703e-07,1.650835116704305,0.0004452517104411209,0.5,V27_ENERGY_SDEDIT_L05,2.793201943074308e-07,sub-21,matched_mean_constant_variance,3.3493970027128245e-07,1.0
16.0,3.468579830763948e-08,0.001304442179951691,0.4126428204384663,-0.41565217391304343,4.0,2.7452686805299703e-07,4.125151651413954,0.0007632768853217436,0.8,V27_ENERGY_SDEDIT_L05,2.793201943074308e-07,sub-21,ensemble_quantiles,3.3493970027128245e-07,1.0
16.0,3.468579830763948e-08,0.001626424743357488,0.4126428204384663,0.0,4.0,2.7452686805299703e-07,4.124822775522868,0.0008459921391115966,0.8,V27_ENERGY_SDEDIT_L05,2.793201943074308e-07,sub-21,matched_mean_constant_variance,3.3493970027128245e-07,1.0
16.0,3.468579830763948e-08,0.001607553970410628,0.4126428204384663,-0.41565217391304343,4.0,2.7452686805299703e-07,8.247926877289718,0.0009433218288991907,0.9,V27_ENERGY_SDEDIT_L05,2.793201943074308e-07,sub-21,ensemble_quantiles,3.3493970027128245e-07,1.0
16.0,3.468579830763948e-08,0.0020793232940821255,0.4126428204384663,0.0,4.0,2.7452686805299703e-07,8.246652603149414,0.0010858191553133538,0.9,V27_ENERGY_SDEDIT_L05,2.793201943074308e-07,sub-21,matched_mean_constant_variance,3.3493970027128245e-07,1.0
16.0,4.278584427493589e-08,0.0007147305253623189,0.29959730537364315,-0.5704347826086956,4.0,2.396210051121746e-07,1.1986497318837468,0.00036809663426311327,0.5,V27_ENERGY_SDEDIT_L05,1.8199411533359466e-07,sub-23,ensemble_quantiles,2.397652269318466e-07,1.0
16.0,4.278584427493589e-08,0.0008208786231884059,0.29959730537364315,0.0,4.0,2.396210051121746e-07,1.1986234585444133,0.0003949655500295572,0.5,V27_ENERGY_SDEDIT_L05,1.8199411533359466e-07,sub-23,matched_mean_constant_variance,2.397652269318466e-07,1.0
16.0,4.278584427493589e-08,0.0013009039100241545,0.29959730537364315,-0.5704347826086956,4.0,2.396210051121746e-07,2.994841391872644,0.0006778525008699719,0.8,V27_ENERGY_SDEDIT_L05,1.8199411533359466e-07,sub-23,ensemble_quantiles,2.397652269318466e-07,1.0
16.0,4.278584427493589e-08,0.001547403381642512,0.29959730537364315,0.0,4.0,2.396210051121746e-07,2.99454935391744,0.0007504468656927911,0.8,V27_ENERGY_SDEDIT_L05,1.8199411533359466e-07,sub-23,matched_mean_constant_variance,2.397652269318466e-07,1.0
16.0,4.278584427493589e-08,0.0016417572463768113,0.29959730537364315,-0.5704347826086956,4.0,2.396210051121746e-07,5.9875810024236955,0.0008369885476390339,0.9,V27_ENERGY_SDEDIT_L05,1.8199411533359466e-07,sub-23,ensemble_quantiles,2.397652269318466e-07,1.0
16.0,4.278584427493589e-08,0.0019602015398550725,0.29959730537364315,0.0,4.0,2.396210051121746e-07,5.9864420890808105,0.000963188124501724,0.9,V27_ENERGY_SDEDIT_L05,1.8199411533359466e-07,sub-23,matched_mean_constant_variance,2.397652269318466e-07,1.0
